     0/299    0.281G   0.06281    0.0125         0   0.07531         4       640   0.02613   0.03527   0.01087  0.001734   0.05465  0.009263         0
     1/299     2.07G    0.0587   0.01169         0   0.07039         5       640   0.01811   0.05078    0.0166   0.00383   0.05328  0.009419         0
     2/299     2.07G   0.05708   0.01197         0   0.06905         3       640   0.02247   0.08372   0.01719  0.002694   0.04985  0.009743         0
     3/299     2.07G   0.05262    0.0128         0   0.06542         2       640   0.03473    0.4066   0.02379  0.004335   0.04826   0.01008         0
     4/299     2.07G    0.0485   0.01346         0   0.06196         2       640     0.128    0.1892   0.08359   0.01772   0.04612  0.009843         0
     5/299     2.07G   0.04391   0.01392         0   0.05783         2       640    0.2458    0.2488     0.172    0.0488    0.0441  0.009322         0
     6/299     2.07G   0.04055   0.01307         0   0.05362         2       640    0.4059     0.445    0.3885    0.1034   0.04271  0.007647         0
     7/299     2.07G   0.03742   0.01214         0   0.04956         2       640    0.4908    0.5764    0.5116    0.1411   0.03837  0.007265         0
     8/299     2.07G   0.03554   0.01148         0   0.04702         3       640    0.6026    0.6558    0.6293    0.2093   0.03813  0.007125         0
     9/299     2.07G   0.03357   0.01092         0   0.04449         2       640    0.6191    0.7391    0.7183    0.2377   0.03452  0.006733         0
    10/299     2.07G    0.0328    0.0106         0    0.0434         2       640     0.642    0.7481    0.7368    0.2733   0.03299  0.006699         0
    11/299     2.07G   0.03172   0.01037         0   0.04209         2       640    0.6785     0.745    0.7679    0.2953   0.03199  0.006523         0
    12/299     2.07G   0.03071   0.01008         0   0.04079         2       640    0.6481    0.7609    0.7442    0.3146   0.03126  0.006454         0
    13/299     2.07G    0.0299  0.009806         0   0.03971         2       640    0.6198    0.8182    0.7537    0.3177   0.03128  0.006353         0
    14/299     2.07G   0.02967  0.009745         0   0.03941         2       640    0.6453    0.8027      0.75    0.3348   0.02958  0.006159         0
    15/299     2.07G     0.029  0.009636         0   0.03864         2       640    0.6006    0.8477    0.7377    0.3179   0.02994  0.006037         0
    16/299     2.07G   0.02857  0.009535         0    0.0381         4       640    0.6109    0.8388    0.7653    0.3384   0.02909  0.006019         0
    17/299     2.07G    0.0284  0.009341         0   0.03774         3       640     0.645    0.8464    0.7938     0.368   0.02929  0.006154         0
    18/299     2.07G    0.0276  0.009331         0   0.03693         2       640    0.6299    0.8705    0.7811    0.3741   0.02862  0.006075         0
    19/299     2.07G   0.02763  0.009282         0   0.03692         2       640    0.6447    0.8547    0.7785    0.3913   0.02799  0.006008         0
    20/299     2.07G   0.02707   0.00913         0    0.0362         2       640    0.6359    0.8736    0.7844    0.3921   0.02754   0.00588         0
    21/299     2.07G   0.02684  0.008984         0   0.03582         3       640    0.6532     0.857    0.8043     0.425   0.02711  0.005975         0
    22/299     2.07G   0.02641  0.008974         0   0.03539         2       640    0.6428    0.8798    0.7912    0.4268   0.02655  0.006006         0
    23/299     2.07G   0.02645  0.008898         0   0.03535         3       640    0.6411    0.8934    0.8055    0.4313   0.02697  0.005939         0
    24/299     2.07G   0.02594  0.008875         0   0.03482         2       640    0.6339    0.9097    0.7911    0.4292   0.02742  0.005924         0
    25/299     2.07G   0.02561   0.00876         0   0.03437         2       640    0.6357    0.9174     0.801     0.449   0.02658  0.005855         0
    26/299     2.07G   0.02555  0.008773         0   0.03432         2       640    0.6437     0.899    0.7985    0.4316    0.0268  0.005841         0
    27/299     2.07G   0.02529  0.008669         0   0.03396         4       640     0.639    0.9173    0.7902    0.4257   0.02673   0.00582         0
    28/299     2.07G   0.02518  0.008638         0   0.03382         2       640    0.6344    0.9291    0.8027    0.4534     0.026  0.005769         0
    29/299     2.07G   0.02527  0.008671         0   0.03394         3       640    0.6452    0.8984    0.8021    0.4687   0.02588  0.005698         0
    30/299     2.07G   0.02494  0.008573         0   0.03352         2       640    0.6458    0.8984    0.7927      0.47   0.02573  0.005768         0
    31/299     2.07G   0.02512   0.00857         0   0.03369         2       640    0.6458    0.8919     0.788    0.4624   0.02584  0.005765         0
    32/299     2.07G    0.0243  0.008374         0   0.03267         2       640    0.6431    0.9035    0.7936    0.4722   0.02566  0.005774         0
    33/299     2.07G    0.0242  0.008385         0   0.03258         2       640    0.6409    0.9132    0.7995    0.4797   0.02549  0.005787         0
    34/299     2.07G    0.0243  0.008563         0   0.03286         2       640    0.6414    0.9192    0.8004    0.4786   0.02559  0.005771         0
    35/299     2.07G   0.02378  0.008327         0    0.0321         2       640    0.6448    0.9117    0.8015    0.4818   0.02558   0.00576         0
    36/299     2.07G   0.02361   0.00833         0   0.03194         2       640     0.654    0.8998    0.8057    0.4857   0.02551   0.00576         0
    37/299     2.07G   0.02353    0.0083         0   0.03183         2       640    0.6481    0.9122    0.8089    0.4929   0.02529  0.005752         0
    38/299     2.07G   0.02296  0.008176         0   0.03114         2       640    0.6645    0.8844    0.8154    0.5077   0.02496  0.005739         0
    39/299     2.07G     0.023  0.008183         0   0.03118         3       640    0.6613    0.8906    0.8126    0.5097   0.02483  0.005737         0
    40/299     2.07G   0.02313    0.0082         0   0.03133         3       640    0.6615    0.8907     0.813    0.5155    0.0247  0.005738         0
    41/299     2.07G   0.02317  0.008243         0   0.03141         4       640    0.6634    0.8901    0.8128    0.5173   0.02469  0.005744         0
    42/299     2.07G   0.02268  0.008106         0   0.03078         2       640    0.6589    0.8986    0.8151    0.5259   0.02462  0.005747         0
    43/299     2.07G   0.02284   0.00811         0   0.03095         5       640     0.658    0.9002    0.8149    0.5265    0.0246  0.005754         0
    44/299     2.07G   0.02284  0.008107         0   0.03095         2       640    0.6513    0.9097    0.8121    0.5243   0.02461  0.005772         0
    45/299     2.07G   0.02278  0.008046         0   0.03082         4       640    0.6489    0.9135    0.8107    0.5256   0.02461  0.005785         0
    46/299     2.07G   0.02259  0.008072         0   0.03066         2       640    0.6541    0.9054    0.8133    0.5291   0.02457  0.005789         0
    47/299     2.07G   0.02212  0.007946         0   0.03007         2       640    0.6531    0.9132    0.8157    0.5335   0.02453  0.005784         0
    48/299     2.07G   0.02214  0.007974         0   0.03012         2       640    0.6542    0.9116    0.8187    0.5386   0.02447  0.005785         0
    49/299     2.07G   0.02204  0.007961         0      0.03         2       640    0.6562    0.9122    0.8213    0.5448   0.02441   0.00578         0
    50/299     2.07G     0.022  0.007961         0   0.02997         2       640    0.6595    0.9124    0.8259    0.5536   0.02431  0.005776         0
    51/299     2.07G   0.02199  0.007929         0   0.02992         3       640    0.6648     0.907    0.8294    0.5612   0.02425  0.005771         0
    52/299     2.07G   0.02179   0.00788         0   0.02967         2       640    0.6699    0.8992    0.8319    0.5669    0.0242   0.00577         0
    53/299     2.07G    0.0218  0.007914         0   0.02971         2       640    0.6732    0.8981    0.8346    0.5722   0.02413  0.005762         0
    54/299     2.07G   0.02152  0.007817         0   0.02933         2       640    0.6745    0.8986    0.8372    0.5763   0.02408  0.005755         0
    55/299     2.07G   0.02154  0.007816         0   0.02936         3       640    0.6679     0.912    0.8371    0.5771   0.02404   0.00575         0
    56/299     2.07G   0.02116  0.007739         0    0.0289         5       640    0.6716    0.9054    0.8361    0.5794     0.024  0.005745         0
    57/299     2.07G   0.02113  0.007709         0   0.02884         5       640     0.673    0.9043    0.8362    0.5808   0.02395  0.005742         0
    58/299    0.222G   0.02151  0.007859         0   0.02937         4       640    0.6701    0.9109    0.8371    0.5827   0.02392   0.00574         0
    59/299    0.229G   0.02041  0.007752         0   0.02816         4       640    0.6765    0.8992    0.8365     0.585   0.02389  0.005739         0
    60/299     1.89G    0.0212  0.007685         0   0.02888         5       640    0.6955    0.8704    0.8371    0.5856   0.02386  0.005736         0
    61/299     2.03G   0.02108  0.007651         0   0.02873         3       640    0.6971    0.8721     0.838    0.5891   0.02382  0.005729         0
    62/299     2.03G   0.02075  0.007594         0   0.02834         2       640    0.6956    0.8716    0.8377    0.5891    0.0238  0.005726         0
    63/299     2.03G   0.02081  0.007604         0   0.02841         2       640    0.6707    0.9148    0.8382     0.591   0.02376   0.00572         0
    64/299     2.03G   0.02087  0.007671         0   0.02854         2       640    0.6845    0.8898    0.8374    0.5907   0.02375  0.005723         0
    65/299     2.03G   0.02089  0.007505         0   0.02839         2       640    0.6875    0.8909    0.8386    0.5916   0.02374   0.00572         0
    66/299     2.03G   0.02043  0.007578         0   0.02801         2       640    0.6866    0.8926    0.8382    0.5924   0.02371  0.005713         0
    67/299     2.03G   0.02035  0.007463         0   0.02781         3       640    0.6859    0.8911    0.8374    0.5939    0.0237  0.005711         0
    68/299     2.03G   0.02006  0.007475         0   0.02754         2       640    0.6868    0.8915    0.8376    0.5949   0.02367  0.005708         0
    69/299     2.03G   0.02026  0.007522         0   0.02779         2       640      0.69    0.8872    0.8388    0.5982   0.02363  0.005705         0
    70/299     2.03G   0.02019  0.007505         0   0.02769         2       640    0.6841    0.8982    0.8394    0.6009    0.0236  0.005701         0
    71/299     2.03G   0.02016  0.007463         0   0.02762         2       640    0.6911    0.8881    0.8405    0.6054   0.02356  0.005698         0
    72/299     2.03G   0.01991  0.007354         0   0.02727         2       640    0.6934    0.8899    0.8433    0.6085   0.02352  0.005694         0
    73/299     2.03G    0.0203  0.007457         0   0.02776         2       640    0.6996    0.8848    0.8447    0.6111   0.02349  0.005691         0
    74/299     2.03G   0.02006    0.0074         0   0.02746         2       640    0.6968    0.8906    0.8459     0.614   0.02346  0.005684         0
    75/299     2.03G   0.02016  0.007469         0   0.02763         4       640    0.6975    0.8903     0.847    0.6154   0.02344  0.005686         0
    76/299     2.03G   0.02033  0.007317         0   0.02765         3       640     0.694    0.8949    0.8479    0.6176   0.02341  0.005684         0
    77/299     2.03G   0.01991  0.007393         0   0.02731         2       640    0.6973    0.8904    0.8489    0.6203   0.02338  0.005682         0
    78/299     2.03G   0.02003   0.00743         0   0.02746         2       640    0.7075     0.881    0.8509    0.6235   0.02335  0.005676         0
    79/299     2.03G   0.01986  0.007328         0   0.02719         2       640    0.7125    0.8799    0.8534    0.6286    0.0233  0.005668         0
    80/299     2.03G   0.01976  0.007261         0   0.02702         3       640    0.7157     0.879     0.855     0.632   0.02328  0.005664         0
    81/299     2.03G   0.01961  0.007245         0   0.02686         2       640    0.7187    0.8776    0.8568     0.635   0.02326  0.005661         0
    82/299     2.03G   0.01974  0.007251         0   0.02699         3       640    0.7201     0.876    0.8576    0.6381   0.02323   0.00566         0
    83/299     2.03G   0.01954  0.007263         0   0.02681         2       640     0.723    0.8748    0.8591    0.6411    0.0232  0.005654         0
    84/299     2.03G   0.01923  0.007211         0   0.02644         2       640    0.6953     0.924     0.861    0.6439   0.02317  0.005652         0
    85/299     2.03G   0.01931   0.00726         0   0.02657         2       640    0.6986    0.9235    0.8625    0.6469   0.02315  0.005647         0
    86/299     2.03G   0.01936  0.007182         0   0.02655         4       640    0.7002    0.9226    0.8637    0.6493   0.02314  0.005643         0
    87/299     2.03G   0.01928  0.007161         0   0.02644         2       640    0.7032    0.9211    0.8652    0.6521   0.02312  0.005642         0
    88/299     2.03G   0.01957  0.007214         0   0.02678         3       640    0.7102    0.9124    0.8664    0.6532   0.02311  0.005641         0
    89/299    0.208G   0.01922  0.007258         0   0.02648         4       640    0.7117    0.9128    0.8677    0.6543   0.02309  0.005641         0
    90/299     2.05G   0.01908  0.007085         0   0.02617         5       640    0.7091    0.9213    0.8688    0.6566   0.02305  0.005636         0
    91/299     2.06G   0.01928  0.007125         0   0.02641         3       640     0.712    0.9208    0.8717    0.6605   0.02302  0.005635         0
    92/299     2.06G   0.01881  0.007039         0   0.02585         2       640    0.7129    0.9205    0.8712    0.6618     0.023  0.005633         0
    93/299     2.06G   0.01893  0.007109         0   0.02604         2       640    0.7166    0.9162    0.8722    0.6619   0.02298  0.005631         0
    94/299     2.06G   0.01918  0.007194         0   0.02638         2       640    0.7175    0.9151    0.8716    0.6628   0.02299  0.005635         0
    95/299     2.06G    0.0191  0.007029         0   0.02613         2       640    0.7196    0.9143    0.8731    0.6636   0.02298  0.005634         0
    96/299     2.06G   0.01875  0.007102         0   0.02585         2       640    0.7211    0.9143    0.8742    0.6648   0.02296  0.005636         0
    97/299     2.06G   0.01862  0.006968         0   0.02559         3       640     0.721    0.9165    0.8742    0.6665   0.02295  0.005639         0
    98/299     2.06G   0.01847  0.007013         0   0.02548         2       640    0.7197    0.9186    0.8747    0.6671   0.02294  0.005636         0
    99/299     2.06G   0.01865  0.007061         0   0.02571         2       640    0.7214    0.9198    0.8756    0.6691   0.02292  0.005636         0
   100/299     2.06G   0.01865  0.007072         0   0.02572         2       640    0.7198    0.9236    0.8766    0.6707   0.02289  0.005638         0
   101/299     2.06G   0.01847  0.007017         0   0.02549         2       640    0.7198    0.9251    0.8779    0.6741   0.02286  0.005639         0
   102/299     2.06G   0.01834  0.006892         0   0.02523         2       640    0.7335    0.9085    0.8808    0.6783   0.02282  0.005641         0
   103/299     2.06G   0.01872  0.006989         0    0.0257         2       640    0.7384    0.9054    0.8821    0.6807   0.02279  0.005641         0
   104/299     2.06G   0.01837  0.006956         0   0.02532         2       640    0.7371    0.9081    0.8827     0.681   0.02278  0.005638         0
   105/299     2.06G   0.01855  0.006987         0   0.02554         4       640    0.7337     0.914    0.8834    0.6826   0.02275  0.005641         0
   106/299     2.06G   0.01883  0.006897         0   0.02572         3       640     0.736    0.9143    0.8849    0.6841   0.02273  0.005647         0
   107/299     2.06G   0.01846  0.006972         0   0.02543         2       640    0.7362    0.9163    0.8856    0.6848   0.02271   0.00565         0
   108/299     2.06G   0.01858  0.007018         0    0.0256         2       640    0.7331     0.924    0.8875     0.688   0.02268  0.005648         0
   109/299     2.06G   0.01833    0.0069         0   0.02523         2       640    0.7335    0.9256    0.8897    0.6904   0.02265  0.005642         0
   110/299     2.06G   0.01831  0.006865         0   0.02518         3       640     0.737    0.9243    0.8911    0.6936   0.02262  0.005642         0
   111/299     2.06G   0.01829   0.00686         0   0.02515         2       640    0.7589    0.8942    0.8923    0.6952   0.02259  0.005643         0
   112/299     2.06G   0.01834  0.006858         0   0.02519         3       640    0.7522    0.9078    0.8939    0.6971   0.02256  0.005647         0
   113/299     2.06G   0.01815   0.00689         0   0.02504         2       640     0.753    0.9097    0.8951    0.6993   0.02253  0.005655         0
   114/299     2.06G   0.01788  0.006817         0   0.02469         2       640    0.7481    0.9185    0.8962    0.7011    0.0225  0.005658         0
   115/299     2.06G   0.01797  0.006878         0   0.02484         2       640    0.7454    0.9259    0.8977    0.7033   0.02248   0.00566         0
   116/299     2.06G     0.018  0.006816         0   0.02481         4       640    0.7503    0.9221    0.8989    0.7051   0.02245  0.005664         0
   117/299     2.06G   0.01799  0.006801         0   0.02479         2       640    0.7613    0.9078    0.8999    0.7061   0.02243  0.005669         0
   118/299     2.06G   0.01815   0.00682         0   0.02497         3       640    0.7512    0.9248    0.9011    0.7082   0.02242  0.005668         0
   119/299     2.06G   0.01822  0.006832         0   0.02506         2       640    0.7554    0.9209    0.9023    0.7116   0.02239  0.005676         0
   120/299     2.06G   0.01871  0.006887         0    0.0256         2       640    0.7569    0.9213     0.903    0.7135   0.02237  0.005681         0
   121/299     2.06G   0.01797  0.006714         0   0.02469         2       640    0.7604    0.9177    0.9039    0.7163   0.02235  0.005686         0
   122/299     2.06G   0.01816  0.006764         0   0.02492         2       640    0.7581    0.9213    0.9049    0.7186   0.02232  0.005696         0
   123/299     2.06G   0.01834  0.006941         0   0.02528         2       640    0.7607    0.9193    0.9057    0.7206   0.02229  0.005699         0
   124/299     2.06G   0.01802  0.006717         0   0.02473         2       640    0.7619    0.9192    0.9068    0.7223   0.02227  0.005706         0
   125/299     2.06G   0.01811  0.006738         0   0.02484         2       640    0.7623    0.9213    0.9079    0.7236   0.02226  0.005712         0
   126/299     2.06G   0.01788  0.006743         0   0.02462         2       640    0.7674    0.9155    0.9086    0.7241   0.02226   0.00572         0
   127/299     2.06G    0.0176  0.006705         0   0.02431         2       640    0.7636    0.9229    0.9096    0.7251   0.02224  0.005727         0
   128/299     2.06G    0.0179   0.00674         0   0.02464         3       640    0.7617    0.9268    0.9103    0.7264   0.02222  0.005736         0
   129/299     2.06G   0.01787  0.006725         0    0.0246         3       640    0.7603    0.9298    0.9106    0.7283   0.02221  0.005743         0
   130/299     2.06G   0.01817  0.006787         0   0.02496         4       640    0.7603    0.9308    0.9109    0.7305   0.02219  0.005748         0
   131/299     2.06G   0.01781  0.006701         0   0.02451         2       640    0.7625    0.9283    0.9118    0.7326   0.02216   0.00576         0
   132/299     2.06G   0.01802  0.006737         0   0.02476         5       640    0.7629    0.9295    0.9121    0.7343   0.02214  0.005769         0
   133/299     2.06G   0.01812  0.006751         0   0.02488         2       640    0.7647    0.9298    0.9125    0.7346   0.02212  0.005778         0
   134/299     2.06G   0.01794  0.006682         0   0.02462         4       640    0.7654    0.9292    0.9137    0.7363    0.0221  0.005786         0
   135/299     2.06G   0.01786  0.006744         0   0.02461         2       640    0.7664    0.9298    0.9148    0.7375   0.02208  0.005795         0
   136/299     2.06G   0.01771   0.00665         0   0.02436         2       640    0.7672    0.9318    0.9162    0.7398   0.02207  0.005803         0
   137/299     2.06G    0.0177  0.006692         0   0.02439         2       640    0.7683    0.9306    0.9166    0.7398   0.02206  0.005815         0
   138/299     2.06G   0.01774   0.00668         0   0.02442         2       640    0.7713    0.9282    0.9178    0.7418   0.02203  0.005826         0
   139/299     2.06G   0.01771  0.006677         0   0.02439         2       640    0.7678    0.9333    0.9185    0.7441     0.022  0.005828         0
   140/299     2.06G   0.01765  0.006689         0   0.02434         3       640    0.7705    0.9305     0.919    0.7454   0.02199  0.005835         0
   141/299     2.06G   0.01766  0.006665         0   0.02432         2       640    0.7683    0.9364    0.9201    0.7476   0.02197  0.005841         0
   142/299     2.06G   0.01774  0.006683         0   0.02442         2       640    0.7705    0.9333    0.9212    0.7496   0.02196  0.005853         0
   143/299     2.06G   0.01749  0.006616         0   0.02411         2       640    0.7704    0.9353    0.9219    0.7514   0.02193  0.005863         0
   144/299     2.06G   0.01756    0.0066         0   0.02416         3       640    0.7846    0.9174    0.9227    0.7528    0.0219   0.00587         0
   145/299     2.06G   0.01728  0.006585         0   0.02387         5       640    0.7836    0.9202    0.9234    0.7549   0.02189   0.00588         0
   146/299     2.06G   0.01737  0.006563         0   0.02394         5       640    0.7842    0.9217    0.9244    0.7568   0.02186  0.005889         0
   147/299     2.06G   0.01729   0.00656         0   0.02385         2       640    0.7853    0.9217    0.9251    0.7581   0.02184  0.005897         0
   148/299     2.06G   0.01763  0.006688         0   0.02431         3       640    0.8048    0.9012    0.9262     0.759   0.02183   0.00591         0
   149/299     2.06G   0.01735  0.006579         0   0.02393         6       640    0.8079       0.9    0.9268    0.7594   0.02183   0.00592         0
   150/299     2.06G   0.01749  0.006598         0   0.02409         2       640    0.8042    0.9043    0.9272    0.7601   0.02182  0.005929         0
   151/299     2.06G   0.01767  0.006667         0   0.02434         4       640    0.8048    0.9085    0.9283    0.7618    0.0218  0.005942         0
   152/299     2.06G   0.01726   0.00655         0   0.02381         5       640     0.806      0.91    0.9296    0.7632   0.02177  0.005946         0
   153/299     2.06G   0.01728  0.006557         0   0.02384         2       640    0.8012    0.9174    0.9301    0.7643   0.02175  0.005956         0
   154/299     2.06G   0.01732  0.006591         0   0.02392         2       640    0.8058    0.9112    0.9305    0.7649   0.02173  0.005963         0
   155/299     2.06G   0.01735  0.006571         0   0.02392         2       640    0.8084     0.911    0.9314    0.7671   0.02172  0.005969         0
   156/299     2.06G   0.01741  0.006595         0     0.024         2       640    0.8078     0.914    0.9319    0.7685   0.02171  0.005979         0
   157/299     2.06G   0.01704   0.00657         0   0.02361         4       640    0.8088    0.9136    0.9324    0.7692   0.02168  0.005989         0
   158/299     2.06G    0.0171  0.006525         0   0.02362         3       640    0.8062    0.9174    0.9322    0.7697   0.02166  0.005999         0
   159/299     2.06G   0.01693  0.006461         0   0.02339         2       640    0.8079    0.9182    0.9336    0.7713   0.02164  0.006005         0
   160/299     2.06G   0.01712  0.006499         0   0.02362         2       640    0.8112    0.9162    0.9346     0.773   0.02163   0.00601         0
   161/299     2.06G   0.01716  0.006521         0   0.02368         2       640    0.8081    0.9221    0.9354    0.7749    0.0216  0.006017         0
   162/299     2.06G   0.01733   0.00647         0    0.0238         2       640     0.806     0.926    0.9355    0.7764   0.02159  0.006023         0
   163/299     2.06G   0.01727  0.006535         0    0.0238         3       640     0.805    0.9271    0.9362    0.7788   0.02158  0.006029         0
   164/299     2.06G    0.0171  0.006462         0   0.02357         2       640    0.8053    0.9279    0.9366    0.7808   0.02156  0.006031         0
   165/299     2.06G   0.01699  0.006451         0   0.02344         2       640    0.8052    0.9291    0.9373    0.7818   0.02154  0.006035         0
   166/299     2.06G   0.01729  0.006444         0   0.02373         2       640    0.8289    0.9015    0.9378    0.7828   0.02151  0.006039         0
   167/299     2.06G   0.01725  0.006503         0   0.02375         2       640    0.8266    0.9062    0.9382    0.7848   0.02149   0.00604         0
   168/299     2.06G   0.01685  0.006451         0    0.0233         2       640     0.828    0.9071    0.9386    0.7849   0.02148  0.006046         0
   169/299     2.06G   0.01711  0.006515         0   0.02363         2       640    0.8282    0.9081    0.9394    0.7848   0.02147   0.00605         0
   170/299     2.06G   0.01713  0.006435         0   0.02357         2       640    0.8268    0.9093    0.9391    0.7846   0.02147  0.006053         0
   171/299     2.06G   0.01668  0.006491         0   0.02317         5       640    0.8115    0.9298    0.9396    0.7849   0.02147  0.006056         0
   172/299     2.06G   0.01681  0.006411         0   0.02322         2       640    0.8328    0.9035      0.94    0.7865   0.02146  0.006062         0
   173/299     2.06G   0.01695  0.006442         0    0.0234         2       640     0.832    0.9059    0.9407    0.7871   0.02146  0.006065         0
   174/299     2.06G   0.01652  0.006304         0   0.02283         2       640    0.8225    0.9194     0.941    0.7878   0.02145  0.006073         0
   175/299     2.06G    0.0167   0.00635         0   0.02305         3       640    0.8221    0.9223    0.9415    0.7886   0.02144  0.006081         0
   176/299     2.06G   0.01662  0.006402         0   0.02302         2       640    0.8308    0.9143     0.942    0.7896   0.02143  0.006092         0
   177/299     2.06G   0.01708  0.006448         0   0.02353         2       640    0.8321    0.9132    0.9424    0.7894   0.02143  0.006102         0
   178/299     2.06G   0.01663  0.006347         0   0.02298         2       640    0.8263    0.9197    0.9431    0.7896   0.02142  0.006104         0
   179/299     2.06G    0.0169  0.006346         0   0.02324         2       640     0.828    0.9194    0.9433    0.7908   0.02141  0.006111         0
   180/299     2.06G   0.01669  0.006356         0   0.02305         5       640    0.8228    0.9275    0.9438    0.7917   0.02138  0.006123         0
   181/299     2.06G   0.01658  0.006348         0   0.02292         2       640    0.8245    0.9287    0.9445    0.7931   0.02136  0.006134         0
   182/299     2.06G   0.01683  0.006423         0   0.02326         2       640    0.8246    0.9295    0.9445     0.793   0.02135  0.006138         0
   183/299     2.06G    0.0165  0.006355         0   0.02286         2       640    0.8242    0.9303    0.9447    0.7938   0.02134  0.006146         0
   184/299     2.06G   0.01653   0.00636         0   0.02289         5       640     0.825    0.9298    0.9448    0.7957   0.02133  0.006151         0
   185/299    0.208G    0.0164  0.006435         0   0.02283         4       640    0.8243    0.9337    0.9457    0.7963   0.02132  0.006159         0
   186/299     1.91G   0.01647  0.006287         0   0.02276         5       640    0.8273     0.931     0.946    0.7988   0.02131  0.006167         0
   187/299     2.06G   0.01665  0.006329         0   0.02298         3       640     0.829    0.9287    0.9463    0.7995   0.02129  0.006173         0
   188/299     2.06G   0.01638  0.006285         0   0.02267         2       640    0.8301    0.9291    0.9467       0.8   0.02128  0.006177         0
   189/299     2.06G   0.01627  0.006281         0   0.02255         2       640    0.8286    0.9318     0.947    0.7998   0.02127  0.006182         0
   190/299     2.06G   0.01645  0.006384         0   0.02284         2       640    0.8292    0.9326    0.9474    0.8006   0.02126  0.006188         0
   191/299     2.06G   0.01657  0.006262         0   0.02283         2       640    0.8286    0.9353    0.9477    0.8013   0.02126  0.006193         0
   192/299     2.06G   0.01623  0.006311         0   0.02254         2       640    0.8265    0.9381    0.9476    0.8019   0.02125  0.006195         0
   193/299     2.06G   0.01615  0.006231         0   0.02238         3       640    0.8263    0.9387    0.9478    0.8007   0.02125  0.006201         0
   194/299     2.06G   0.01593  0.006224         0   0.02215         2       640    0.8272    0.9389    0.9484    0.8015   0.02124  0.006205         0
   195/299     2.06G   0.01613  0.006283         0   0.02242         2       640    0.8282     0.938    0.9484    0.8021   0.02123  0.006208         0
   196/299     2.06G   0.01608  0.006307         0   0.02239         2       640    0.8271    0.9388    0.9489    0.8018   0.02122  0.006218         0
   197/299     2.06G   0.01601  0.006256         0   0.02227         2       640    0.8302    0.9349    0.9491    0.8026   0.02121  0.006226         0
   198/299     2.06G   0.01584   0.00618         0   0.02202         2       640    0.8322     0.934    0.9495    0.8033   0.02121   0.00623         0
   199/299     2.06G   0.01629  0.006268         0   0.02256         2       640    0.8324    0.9353    0.9499    0.8035    0.0212  0.006237         0
   200/299     2.06G   0.01599  0.006238         0   0.02223         2       640    0.8341    0.9336      0.95    0.8037    0.0212  0.006243         0
   201/299     2.06G   0.01621   0.00626         0   0.02247         4       640    0.8335    0.9353    0.9502    0.8045   0.02119  0.006252         0
   202/299    0.199G    0.0159   0.00634         0   0.02224         4       640    0.8338    0.9354    0.9506    0.8057   0.02119   0.00626         0
   203/299     2.07G   0.01569  0.006125         0   0.02182         5       640    0.8332    0.9376    0.9507    0.8068   0.02117  0.006267         0
   204/299     2.07G   0.01593  0.006157         0   0.02209         3       640    0.8344     0.938    0.9512    0.8079   0.02116  0.006274         0
   205/299     2.07G   0.01561  0.006109         0   0.02172         2       640      0.83    0.9438    0.9515    0.8086   0.02114  0.006281         0
   206/299     2.07G    0.0155  0.006126         0   0.02163         2       640    0.8345    0.9388    0.9517    0.8089   0.02113  0.006286         0
   207/299     2.07G   0.01582  0.006261         0   0.02208         2       640    0.8328    0.9403    0.9516    0.8087   0.02113  0.006291         0
   208/299     2.07G   0.01579  0.006091         0   0.02188         2       640    0.8324    0.9411    0.9516    0.8098   0.02112  0.006298         0
   209/299     2.07G   0.01553  0.006151         0   0.02168         2       640    0.8301    0.9442     0.952    0.8112   0.02111  0.006304         0
   210/299     2.07G   0.01551  0.006094         0   0.02161         3       640    0.8329    0.9419    0.9522     0.811    0.0211  0.006311         0
   211/299     2.07G   0.01533  0.006108         0   0.02144         2       640    0.8347    0.9391    0.9523     0.811   0.02109  0.006317         0
   212/299     2.07G   0.01553  0.006158         0   0.02169         2       640     0.831    0.9453    0.9529    0.8115   0.02107   0.00632         0
   213/299     2.07G   0.01542  0.006171         0   0.02159         2       640    0.8298    0.9473     0.953    0.8112   0.02107  0.006324         0
   214/299     2.07G   0.01546  0.006156         0   0.02161         2       640    0.8355    0.9403    0.9533    0.8109   0.02107  0.006329         0
   215/299     2.07G   0.01528  0.006035         0   0.02131         2       640    0.8373    0.9399    0.9538    0.8118   0.02106  0.006332         0
   216/299     2.07G   0.01556  0.006121         0   0.02168         2       640    0.8364    0.9413    0.9538    0.8125   0.02106  0.006335         0
   217/299     2.07G   0.01535  0.006098         0   0.02145         2       640    0.8392    0.9367    0.9537    0.8126   0.02105  0.006339         0
   218/299     2.07G   0.01559  0.006147         0   0.02174         4       640     0.839    0.9376     0.954    0.8129   0.02105  0.006342         0
   219/299     2.07G   0.01606  0.006066         0   0.02213         3       640      0.84    0.9382    0.9542    0.8129   0.02104  0.006349         0
   220/299     2.07G   0.01577  0.006172         0   0.02194         2       640    0.8423    0.9355    0.9544    0.8135   0.02103  0.006356         0
   221/299     2.07G   0.01584  0.006221         0   0.02206         2       640    0.8372    0.9426    0.9543    0.8138   0.02103  0.006361         0
   222/299     2.07G   0.01572  0.006107         0   0.02183         2       640    0.8376    0.9415    0.9542    0.8145   0.02102  0.006363         0
   223/299     2.07G    0.0156  0.006045         0   0.02164         3       640    0.8413    0.9368     0.954    0.8148   0.02101  0.006368         0
   224/299     2.07G   0.01565  0.006092         0   0.02174         2       640    0.8365    0.9446    0.9547    0.8148     0.021  0.006373         0
   225/299     2.07G   0.01575  0.006084         0   0.02183         3       640    0.8377    0.9445    0.9551    0.8165   0.02099  0.006382         0
   226/299     2.07G   0.01562   0.00613         0   0.02175         2       640    0.8393    0.9438    0.9553    0.8165   0.02099  0.006385         0
   227/299     2.07G   0.01536  0.006047         0    0.0214         2       640    0.8392    0.9426    0.9555    0.8179   0.02097  0.006391         0
   228/299     2.07G   0.01557  0.006158         0   0.02172         2       640    0.8395    0.9429    0.9558    0.8178   0.02097  0.006395         0
   229/299     2.07G   0.01549  0.006055         0   0.02155         4       640    0.8419    0.9413    0.9563    0.8184   0.02096  0.006402         0
   230/299     2.07G   0.01551  0.006047         0   0.02156         2       640    0.8431    0.9434    0.9569    0.8181   0.02094  0.006408         0
   231/299     2.07G   0.01572  0.006117         0   0.02183         3       640    0.8444    0.9426    0.9573    0.8197   0.02094  0.006414         0
   232/299     2.07G   0.01563  0.006087         0   0.02172         2       640    0.8463    0.9388    0.9573     0.821   0.02093  0.006416         0
   233/299     2.07G   0.01601   0.00612         0   0.02213         2       640    0.8406    0.9446     0.957    0.8208   0.02092  0.006423         0
   234/299     2.07G   0.01537  0.005991         0   0.02136         2       640    0.8416    0.9453    0.9572    0.8207   0.02091  0.006428         0
   235/299     2.07G   0.01555  0.006023         0   0.02157         2       640    0.8415    0.9446    0.9572    0.8218    0.0209   0.00643         0
   236/299     2.07G   0.01572  0.006186         0   0.02191         2       640    0.8451    0.9408    0.9577    0.8228   0.02088  0.006432         0
   237/299     2.07G   0.01532  0.005948         0   0.02127         2       640     0.845    0.9426     0.958    0.8237   0.02086  0.006434         0
   238/299     2.07G   0.01571   0.00605         0   0.02176         2       640    0.8471    0.9407    0.9582    0.8245   0.02085  0.006439         0
   239/299     2.07G   0.01541  0.006051         0   0.02146         2       640    0.8483    0.9409    0.9585    0.8237   0.02085  0.006443         0
   240/299     2.07G   0.01518  0.005984         0   0.02116         2       640    0.8492     0.941    0.9594    0.8238   0.02083  0.006446         0
   241/299     2.07G   0.01543  0.006022         0   0.02145         3       640    0.8527    0.9395    0.9597    0.8245   0.02081  0.006451         0
   242/299     2.07G   0.01543  0.006037         0   0.02146         3       640    0.8527    0.9399    0.9598    0.8258   0.02081  0.006452         0
   243/299     2.07G   0.01561  0.006058         0   0.02167         4       640    0.8511    0.9415    0.9602    0.8261    0.0208  0.006455         0
   244/299     2.07G   0.01532  0.005987         0   0.02131         2       640    0.8505    0.9438    0.9605    0.8261   0.02078  0.006462         0
   245/299     2.07G   0.01546  0.006041         0    0.0215         5       640    0.8518    0.9424    0.9606    0.8261   0.02077  0.006465         0
   246/299     2.07G   0.01566  0.006041         0    0.0217         2       640    0.8516     0.943    0.9607    0.8265   0.02076  0.006468         0
   247/299     2.07G   0.01534  0.005981         0   0.02132         4       640    0.8511     0.945    0.9609    0.8281   0.02075  0.006472         0
   248/299     2.07G   0.01543  0.006024         0   0.02145         2       640    0.8515    0.9449    0.9612    0.8289   0.02075   0.00648         0
   249/299     2.07G    0.0153  0.005949         0   0.02125         2       640    0.8537    0.9432    0.9616      0.83   0.02074  0.006486         0
   250/299     2.07G   0.01534  0.006026         0   0.02137         2       640    0.8549    0.9432    0.9618    0.8299   0.02074  0.006491         0
   251/299     2.07G   0.01533  0.005996         0   0.02133         2       640    0.8542    0.9444    0.9618    0.8305   0.02073  0.006495         0
   252/299     2.07G   0.01528  0.006007         0   0.02129         2       640    0.8527    0.9472    0.9622    0.8315   0.02071  0.006499         0
   253/299     2.07G   0.01529  0.006005         0   0.02129         3       640    0.8525    0.9457    0.9619    0.8313    0.0207  0.006502         0
   254/299     2.07G   0.01532   0.00599         0   0.02131         2       640    0.8516    0.9475    0.9623    0.8326   0.02069  0.006506         0
   255/299     2.07G    0.0154  0.006029         0   0.02143         2       640    0.8531    0.9457    0.9623    0.8339   0.02069  0.006509         0
   256/299     2.07G   0.01524  0.005966         0    0.0212         2       640    0.8514    0.9484    0.9625    0.8338   0.02067  0.006516         0
   257/299     2.07G   0.01532  0.005987         0    0.0213         3       640    0.8474    0.9539    0.9626    0.8345   0.02067  0.006522         0
   258/299     2.07G     0.015  0.005964         0   0.02097         5       640    0.8483    0.9539    0.9629    0.8337   0.02067  0.006525         0
   259/299     2.07G   0.01505  0.005908         0   0.02096         5       640    0.8727    0.9248     0.963    0.8337   0.02066   0.00653         0
   260/299     2.07G   0.01501  0.005921         0   0.02093         2       640    0.8472    0.9544    0.9628    0.8335   0.02066  0.006535         0
   261/299     2.07G   0.01533  0.006013         0   0.02134         3       640      0.85    0.9523    0.9631    0.8342   0.02065   0.00654         0
   262/299     2.07G   0.01508  0.005938         0   0.02102         6       640    0.8496    0.9545    0.9632    0.8347   0.02065  0.006545         0
   263/299     2.07G   0.01524  0.005962         0   0.02121         2       640     0.849    0.9554    0.9636    0.8356   0.02064  0.006547         0
   264/299     2.07G   0.01537  0.006039         0   0.02141         4       640    0.8526     0.953    0.9637    0.8357   0.02064  0.006556         0
   265/299     2.07G   0.01503  0.005904         0   0.02093         5       640    0.8513    0.9541    0.9639    0.8362   0.02063  0.006557         0
   266/299     2.07G   0.01511  0.005953         0   0.02107         2       640    0.8523     0.955    0.9643     0.836   0.02063  0.006559         0
   267/299     2.07G   0.01499  0.005902         0   0.02089         2       640    0.8533     0.955    0.9643     0.836   0.02063  0.006559         0
   268/299     2.07G   0.01516  0.005952         0   0.02111         2       640    0.8541     0.953    0.9642     0.835   0.02063   0.00656         0
   269/299     2.07G   0.01513  0.005957         0   0.02109         2       640    0.8537    0.9527    0.9639    0.8365   0.02063  0.006563         0
   270/299     2.07G   0.01493  0.005928         0   0.02086         4       640    0.8554    0.9519     0.964    0.8357   0.02063  0.006569         0
   271/299     2.07G   0.01491  0.005886         0    0.0208         3       640    0.8555    0.9512    0.9639    0.8359   0.02063  0.006574         0
   272/299     2.07G    0.0149  0.005861         0   0.02076         2       640    0.8555    0.9504     0.964    0.8365   0.02063  0.006578         0
   273/299     2.07G   0.01497  0.005928         0   0.02089         2       640    0.8535    0.9552    0.9642     0.837   0.02062   0.00658         0
   274/299     2.07G     0.015  0.005935         0   0.02093         2       640    0.8538    0.9549    0.9643    0.8377   0.02062  0.006586         0
   275/299     2.07G   0.01516  0.005857         0   0.02102         2       640    0.8539    0.9562    0.9646    0.8387   0.02062   0.00659         0
   276/299     2.07G   0.01507  0.005903         0   0.02097         3       640    0.8548    0.9562    0.9649      0.84   0.02061  0.006596         0
   277/299     2.07G   0.01485  0.005856         0    0.0207         2       640    0.8515    0.9601    0.9649    0.8406    0.0206    0.0066         0
   278/299     2.07G   0.01488  0.005873         0   0.02075         2       640    0.8514    0.9594     0.965    0.8408    0.0206  0.006597         0
   279/299     2.07G   0.01521  0.005897         0   0.02111         2       640    0.8505    0.9594     0.965    0.8406   0.02059  0.006598         0
   280/299     2.07G   0.01508    0.0059         0   0.02098         2       640    0.8673    0.9398    0.9649    0.8416    0.0206    0.0066         0
   281/299     2.07G   0.01477  0.005861         0   0.02064         2       640    0.8672    0.9388    0.9651    0.8417    0.0206  0.006601         0
   282/299     2.07G    0.0152  0.005958         0   0.02116         2       640    0.8662    0.9391    0.9651    0.8412    0.0206  0.006599         0
   283/299     2.07G   0.01515  0.005878         0   0.02103         2       640    0.8682    0.9372    0.9652    0.8408    0.0206  0.006601         0
   284/299     2.07G   0.01471   0.00593         0   0.02064         5       640    0.8682    0.9364    0.9651    0.8409   0.02061  0.006603         0
   285/299     2.07G    0.0148  0.005844         0   0.02064         2       640    0.8484    0.9612    0.9655    0.8405   0.02061  0.006599         0
   286/299     2.07G   0.01497  0.005893         0   0.02086         2       640     0.849    0.9612    0.9655    0.8408   0.02061  0.006599         0
   287/299     2.07G   0.01458  0.005763         0   0.02034         2       640    0.8747     0.931    0.9657    0.8406   0.02061  0.006603         0
   288/299     2.07G   0.01481  0.005836         0   0.02064         3       640    0.8709    0.9357    0.9657    0.8408   0.02061  0.006603         0
   289/299     2.07G    0.0148  0.005893         0   0.02069         2       640     0.871    0.9372    0.9659    0.8413    0.0206  0.006603         0
   290/299     2.07G   0.01517  0.005889         0   0.02106         2       640    0.8725    0.9353     0.966    0.8418    0.0206  0.006608         0
   291/299     2.07G    0.0148  0.005822         0   0.02062         2       640    0.8768    0.9298    0.9662    0.8415    0.0206  0.006613         0
   292/299     2.07G   0.01502  0.005825         0   0.02085         2       640    0.8763    0.9309     0.966    0.8422   0.02059   0.00662         0
   293/299     2.07G   0.01475  0.005829         0   0.02058         5       640    0.8758    0.9321     0.966    0.8412   0.02059  0.006626         0
   294/299     2.07G    0.0148  0.005846         0   0.02065         2       640    0.8626    0.9492    0.9664    0.8415   0.02058  0.006633         0
   295/299     2.07G   0.01491  0.005858         0   0.02077         2       640    0.8631    0.9481    0.9665    0.8417   0.02058  0.006636         0
   296/299     2.07G    0.0147  0.005857         0   0.02056         2       640    0.8641    0.9465    0.9663    0.8408   0.02058  0.006641         0
   297/299     2.07G   0.01474  0.005858         0    0.0206         5       640    0.8624    0.9477    0.9663    0.8419   0.02058  0.006643         0
   298/299     2.07G   0.01491  0.005761         0   0.02067         2       640    0.8616    0.9506    0.9665    0.8419   0.02057  0.006645         0
   299/299     2.07G   0.01497   0.00591         0   0.02088         2       640    0.8852    0.9236    0.9666    0.8417   0.02058  0.006647         0
