     0/299    0.281G   0.06281    0.0125         0   0.07531         4       640   0.02613   0.03527   0.01087  0.001734   0.05465  0.009263         0
     1/299     2.07G    0.0587   0.01169         0   0.07039         5       640   0.01811   0.05078    0.0166   0.00383   0.05328  0.009419         0
     2/299     2.07G   0.05708   0.01197         0   0.06905         3       640   0.02247   0.08372   0.01719  0.002694   0.04985  0.009743         0
     3/299     2.07G   0.05262    0.0128         0   0.06542         2       640   0.03473    0.4066   0.02379  0.004335   0.04826   0.01008         0
     4/299     2.07G    0.0485   0.01346         0   0.06196         2       640     0.128    0.1892   0.08359   0.01772   0.04612  0.009843         0
     5/299     2.07G   0.04391   0.01392         0   0.05783         2       640    0.2458    0.2488     0.172    0.0488    0.0441  0.009322         0
     6/299     2.07G   0.04055   0.01307         0   0.05362         2       640    0.4059     0.445    0.3885    0.1034   0.04271  0.007647         0
     7/299     2.07G   0.03742   0.01214         0   0.04956         2       640    0.4908    0.5764    0.5116    0.1411   0.03837  0.007265         0
     8/299     2.07G   0.03554   0.01148         0   0.04702         3       640    0.6026    0.6558    0.6293    0.2093   0.03813  0.007125         0
     9/299     2.07G   0.03357   0.01092         0   0.04449         2       640    0.6191    0.7391    0.7183    0.2377   0.03452  0.006733         0
    10/299     2.07G    0.0328    0.0106         0    0.0434         2       640     0.642    0.7481    0.7368    0.2733   0.03299  0.006699         0
    11/299     2.07G   0.03172   0.01037         0   0.04209         2       640    0.6785     0.745    0.7679    0.2953   0.03199  0.006523         0
    12/299     2.07G   0.03071   0.01008         0   0.04079         2       640    0.6481    0.7609    0.7442    0.3146   0.03126  0.006454         0
    13/299     2.07G    0.0299  0.009806         0   0.03971         2       640    0.6198    0.8182    0.7537    0.3177   0.03128  0.006353         0
    14/299     2.07G   0.02967  0.009745         0   0.03941         2       640    0.6453    0.8027      0.75    0.3348   0.02958  0.006159         0
    15/299     2.07G     0.029  0.009636         0   0.03864         2       640    0.6006    0.8477    0.7377    0.3179   0.02994  0.006037         0
    16/299     2.07G   0.02857  0.009535         0    0.0381         4       640    0.6109    0.8388    0.7653    0.3384   0.02909  0.006019         0
    17/299     2.07G    0.0284  0.009341         0   0.03774         3       640     0.645    0.8464    0.7938     0.368   0.02929  0.006154         0
    18/299     2.07G    0.0276  0.009331         0   0.03693         2       640    0.6299    0.8705    0.7811    0.3741   0.02862  0.006075         0
    19/299     2.07G   0.02763  0.009282         0   0.03692         2       640    0.6447    0.8547    0.7785    0.3913   0.02799  0.006008         0
    20/299     2.07G   0.02707   0.00913         0    0.0362         2       640    0.6359    0.8736    0.7844    0.3921   0.02754   0.00588         0
    21/299     2.07G   0.02684  0.008984         0   0.03582         3       640    0.6532     0.857    0.8043     0.425   0.02711  0.005975         0
    22/299     2.07G   0.02641  0.008974         0   0.03539         2       640    0.6428    0.8798    0.7912    0.4268   0.02655  0.006006         0
    23/299     2.07G   0.02645  0.008898         0   0.03535         3       640    0.6411    0.8934    0.8055    0.4313   0.02697  0.005939         0
    24/299     2.07G   0.02594  0.008875         0   0.03482         2       640    0.6339    0.9097    0.7911    0.4292   0.02742  0.005924         0
    25/299     2.07G   0.02561   0.00876         0   0.03437         2       640    0.6357    0.9174     0.801     0.449   0.02658  0.005855         0
    26/299     2.07G   0.02555  0.008773         0   0.03432         2       640    0.6437     0.899    0.7985    0.4316    0.0268  0.005841         0
    27/299     2.07G   0.02529  0.008669         0   0.03396         4       640     0.639    0.9173    0.7902    0.4257   0.02673   0.00582         0
    28/299     2.07G   0.02518  0.008638         0   0.03382         2       640    0.6344    0.9291    0.8027    0.4534     0.026  0.005769         0
    29/299     2.07G   0.02527  0.008671         0   0.03394         3       640    0.6452    0.8984    0.8021    0.4687   0.02588  0.005698         0
    30/299     2.07G   0.02494  0.008573         0   0.03352         2       640    0.6458    0.8984    0.7927      0.47   0.02573  0.005768         0
    31/299     2.07G   0.02512   0.00857         0   0.03369         2       640    0.6458    0.8919     0.788    0.4624   0.02584  0.005765         0
    32/299     2.07G    0.0243  0.008374         0   0.03267         2       640    0.6431    0.9035    0.7936    0.4722   0.02566  0.005774         0
    33/299     2.07G    0.0242  0.008385         0   0.03258         2       640    0.6409    0.9132    0.7995    0.4797   0.02549  0.005787         0
    34/299     2.07G    0.0243  0.008563         0   0.03286         2       640    0.6414    0.9192    0.8004    0.4786   0.02559  0.005771         0
    35/299     2.07G   0.02378  0.008327         0    0.0321         2       640    0.6448    0.9117    0.8015    0.4818   0.02558   0.00576         0
    36/299     2.07G   0.02361   0.00833         0   0.03194         2       640     0.654    0.8998    0.8057    0.4857   0.02551   0.00576         0
    37/299     2.07G   0.02353    0.0083         0   0.03183         2       640    0.6481    0.9122    0.8089    0.4929   0.02529  0.005752         0
    38/299     2.07G   0.02296  0.008176         0   0.03114         2       640    0.6645    0.8844    0.8154    0.5077   0.02496  0.005739         0
    39/299     2.07G     0.023  0.008183         0   0.03118         3       640    0.6613    0.8906    0.8126    0.5097   0.02483  0.005737         0
    40/299     2.07G   0.02313    0.0082         0   0.03133         3       640    0.6615    0.8907     0.813    0.5155    0.0247  0.005738         0
    41/299     2.07G   0.02317  0.008243         0   0.03141         4       640    0.6634    0.8901    0.8128    0.5173   0.02469  0.005744         0
    42/299     2.07G   0.02268  0.008106         0   0.03078         2       640    0.6589    0.8986    0.8151    0.5259   0.02462  0.005747         0
    43/299     2.07G   0.02284   0.00811         0   0.03095         5       640     0.658    0.9002    0.8149    0.5265    0.0246  0.005754         0
    44/299     2.07G   0.02284  0.008107         0   0.03095         2       640    0.6513    0.9097    0.8121    0.5243   0.02461  0.005772         0
    45/299     2.07G   0.02278  0.008046         0   0.03082         4       640    0.6489    0.9135    0.8107    0.5256   0.02461  0.005785         0
    46/299     2.07G   0.02259  0.008072         0   0.03066         2       640    0.6541    0.9054    0.8133    0.5291   0.02457  0.005789         0
    47/299     2.07G   0.02212  0.007946         0   0.03007         2       640    0.6531    0.9132    0.8157    0.5335   0.02453  0.005784         0
    48/299     2.07G   0.02214  0.007974         0   0.03012         2       640    0.6542    0.9116    0.8187    0.5386   0.02447  0.005785         0
    49/299     2.07G   0.02204  0.007961         0      0.03         2       640    0.6562    0.9122    0.8213    0.5448   0.02441   0.00578         0
    50/299     2.07G     0.022  0.007961         0   0.02997         2       640    0.6595    0.9124    0.8259    0.5536   0.02431  0.005776         0
    51/299     2.07G   0.02199  0.007929         0   0.02992         3       640    0.6648     0.907    0.8294    0.5612   0.02425  0.005771         0
    52/299     2.07G   0.02179   0.00788         0   0.02967         2       640    0.6699    0.8992    0.8319    0.5669    0.0242   0.00577         0
    53/299     2.07G    0.0218  0.007914         0   0.02971         2       640    0.6732    0.8981    0.8346    0.5722   0.02413  0.005762         0
    54/299     2.07G   0.02152  0.007817         0   0.02933         2       640    0.6745    0.8986    0.8372    0.5763   0.02408  0.005755         0
    55/299     2.07G   0.02154  0.007816         0   0.02936         3       640    0.6679     0.912    0.8371    0.5771   0.02404   0.00575         0
    56/299     2.07G   0.02116  0.007739         0    0.0289         5       640    0.6716    0.9054    0.8361    0.5794     0.024  0.005745         0
    57/299     2.07G   0.02113  0.007709         0   0.02884         5       640     0.673    0.9043    0.8362    0.5808   0.02395  0.005742         0
    58/299    0.222G   0.02151  0.007859         0   0.02937         4       640    0.6701    0.9109    0.8371    0.5827   0.02392   0.00574         0
